Node Number = 845
   2.8330000e+05   1.4690000e+05   3.1000000e+01
   2.8429630e+05   1.4690000e+05   3.1000000e+01
   2.8529259e+05   1.4690000e+05   3.1000000e+01
   2.8617100e+05   1.4688600e+05   3.1000000e+01
   2.8734000e+05   1.4729000e+05   3.1000000e+01
   2.8820000e+05   1.4782400e+05   3.1000000e+01
   2.8881300e+05   1.4841700e+05   3.1000000e+01
   2.8915700e+05   1.4958500e+05   3.1000000e+01
   2.8929952e+05   1.5054982e+05   3.1000000e+01
   2.8937026e+05   1.5154361e+05   3.1000000e+01
   2.8937000e+05   1.5249000e+05   3.1000000e+01
   2.8938524e+05   1.5353502e+05   3.1000000e+01
   2.8937321e+05   1.5453124e+05   3.1000000e+01
   2.8937806e+05   1.5552753e+05   3.1000000e+01
   2.8934995e+05   1.5652343e+05   3.1000000e+01
   2.8930167e+05   1.5751855e+05   3.1000000e+01
   2.8927718e+05   1.5851455e+05   3.1000000e+01
   2.8915040e+05   1.5950274e+05   3.1000000e+01
   2.8881774e+05   1.6044185e+05   3.1000000e+01
   2.8834500e+05   1.6136600e+05   3.1000000e+01
   2.8738300e+05   1.6187700e+05   3.1000000e+01
   2.8636000e+05   1.6208000e+05   3.1000000e+01
   2.8534000e+05   1.6208000e+05   3.1000000e+01
   2.8433630e+05   1.6208000e+05   3.1000000e+01
   2.8334000e+05   1.6208000e+05   3.1000000e+01
   2.8429800e+05   1.4786000e+05   3.1000000e+01
   2.8330667e+05   1.4791000e+05   3.1000000e+01
   2.8529900e+05   1.4786000e+05   3.1000000e+01
   2.8617100e+05   1.4786200e+05   3.1000000e+01
   2.8697500e+05   1.4799600e+05   3.1000000e+01
   2.8764500e+05   1.4837900e+05   3.1000000e+01
   2.8829600e+05   1.4893400e+05   3.1000000e+01
   2.8836000e+05   1.4958000e+05   3.1000000e+01
   2.8842300e+05   1.5054500e+05   3.1000000e+01
   2.8842300e+05   1.5154600e+05   3.1000000e+01
   2.8842300e+05   1.5249800e+05   3.1000000e+01
   2.8842300e+05   1.5352300e+05   3.1000000e+01
   2.8842300e+05   1.5452400e+05   3.1000000e+01
   2.8842300e+05   1.5552500e+05   3.1000000e+01
   2.8842300e+05   1.5652600e+05   3.1000000e+01
   2.8839900e+05   1.5752700e+05   3.1000000e+01
   2.8837500e+05   1.5850300e+05   3.1000000e+01
   2.8825300e+05   1.5950400e+05   3.1000000e+01
   2.8805100e+05   1.6014900e+05   3.1000000e+01
   2.8775600e+05   1.6071800e+05   3.1000000e+01
   2.8738300e+05   1.6115000e+05   3.1000000e+01
   2.8636300e+05   1.6117000e+05   3.1000000e+01
   2.8534800e+05   1.6111500e+05   3.1000000e+01
   2.8433000e+05   1.6112000e+05   3.1000000e+01
   2.8334333e+05   1.6106333e+05   3.1000000e+01
   2.8392000e+05   1.4847000e+05   3.1000000e+01
   2.8465900e+05   1.4834000e+05   3.1000000e+01
   2.8329700e+05   1.4908000e+05   3.1000000e+01
   2.8536700e+05   1.4851300e+05   3.1000000e+01
   2.8603700e+05   1.4872300e+05   3.1000000e+01
   2.8684100e+05   1.4893400e+05   3.1000000e+01
   2.8764500e+05   1.4925900e+05   3.1000000e+01
   2.8765000e+05   1.5022000e+05   3.1000000e+01
   2.8765000e+05   1.5123000e+05   3.1000000e+01
   2.8765000e+05   1.5213000e+05   3.1000000e+01
   2.8765000e+05   1.5301000e+05   3.1000000e+01
   2.8765000e+05   1.5392000e+05   3.1000000e+01
   2.8765000e+05   1.5489000e+05   3.1000000e+01
   2.8765000e+05   1.5573000e+05   3.1000000e+01
   2.8766700e+05   1.5652600e+05   3.1000000e+01
   2.8765000e+05   1.5752000e+05   3.1000000e+01
   2.8762000e+05   1.5849000e+05   3.1000000e+01
   2.8738000e+05   1.5950000e+05   3.1000000e+01
   2.8720700e+05   1.6026700e+05   3.1000000e+01
   2.8645900e+05   1.6028000e+05   3.1000000e+01
   2.8534800e+05   1.6026100e+05   3.1000000e+01
   2.8434700e+05   1.6026100e+05   3.1000000e+01
   2.8334000e+05   1.6025000e+05   3.1000000e+01
   2.8392000e+05   1.4938000e+05   3.1000000e+01
   2.8465900e+05   1.4885700e+05   3.1000000e+01
   2.8330000e+05   1.4994000e+05   3.1000000e+01
   2.8536700e+05   1.4916400e+05   3.1000000e+01
   2.8603700e+05   1.4947000e+05   3.1000000e+01
   2.8684100e+05   1.4987200e+05   3.1000000e+01
   2.8684100e+05   1.5081000e+05   3.1000000e+01
   2.8685000e+05   1.5176000e+05   3.1000000e+01
   2.8685000e+05   1.5257000e+05   3.1000000e+01
   2.8685000e+05   1.5341000e+05   3.1000000e+01
   2.8685000e+05   1.5432000e+05   3.1000000e+01
   2.8685000e+05   1.5519000e+05   3.1000000e+01
   2.8685000e+05   1.5604000e+05   3.1000000e+01
   2.8685000e+05   1.5694000e+05   3.1000000e+01
   2.8685000e+05   1.5775000e+05   3.1000000e+01
   2.8681000e+05   1.5866000e+05   3.1000000e+01
   2.8661000e+05   1.5953000e+05   3.1000000e+01
   2.8571400e+05   1.5957700e+05   3.1000000e+01
   2.8481000e+05   1.5965100e+05   3.1000000e+01
   2.8398000e+05   1.5967500e+05   3.1000000e+01
   2.8335000e+05   1.5903000e+05   3.1000000e+01
   2.8392000e+05   1.5022000e+05   3.1000000e+01
   2.8465900e+05   1.4971900e+05   3.1000000e+01
   2.8330606e+05   1.5072750e+05   3.1000000e+01
   2.8537000e+05   1.5008000e+05   3.1000000e+01
   2.8603700e+05   1.5044600e+05   3.1000000e+01
   2.8604000e+05   1.5129000e+05   3.1000000e+01
   2.8604000e+05   1.5213000e+05   3.1000000e+01
   2.8604000e+05   1.5294000e+05   3.1000000e+01
   2.8604000e+05   1.5378000e+05   3.1000000e+01
   2.8604000e+05   1.5466000e+05   3.1000000e+01
   2.8605500e+05   1.5555000e+05   3.1000000e+01
   2.8603100e+05   1.5635500e+05   3.1000000e+01
   2.8603100e+05   1.5721000e+05   3.1000000e+01
   2.8604000e+05   1.5799000e+05   3.1000000e+01
   2.8604000e+05   1.5886000e+05   3.1000000e+01
   2.8514700e+05   1.5902400e+05   3.1000000e+01
   2.8422600e+05   1.5902400e+05   3.1000000e+01
   2.8336100e+05   1.5815800e+05   3.1000000e+01
   2.8392000e+05   1.5099000e+05   3.1000000e+01
   2.8466000e+05   1.5055000e+05   3.1000000e+01
   2.8331600e+05   1.5159300e+05   3.1000000e+01
   2.8536700e+05   1.5096300e+05   3.1000000e+01
   2.8537000e+05   1.5173000e+05   3.1000000e+01
   2.8537000e+05   1.5250000e+05   3.1000000e+01
   2.8537000e+05   1.5335000e+05   3.1000000e+01
   2.8537000e+05   1.5425000e+05   3.1000000e+01
   2.8537000e+05   1.5513000e+05   3.1000000e+01
   2.8534800e+05   1.5591600e+05   3.1000000e+01
   2.8532300e+05   1.5672100e+05   3.1000000e+01
   2.8533000e+05   1.5755000e+05   3.1000000e+01
   2.8533000e+05   1.5829000e+05   3.1000000e+01
   2.8447700e+05   1.5815800e+05   3.1000000e+01
   2.8390700e+05   1.5760000e+05   3.1000000e+01
   2.8336100e+05   1.5748800e+05   3.1000000e+01
   2.8392000e+05   1.5176000e+05   3.1000000e+01
   2.8466000e+05   1.5136000e+05   3.1000000e+01
   2.8331500e+05   1.5246100e+05   3.1000000e+01
   2.8466000e+05   1.5207000e+05   3.1000000e+01
   2.8466000e+05   1.5294000e+05   3.1000000e+01
   2.8463000e+05   1.5382000e+05   3.1000000e+01
   2.8463000e+05   1.5462000e+05   3.1000000e+01
   2.8463000e+05   1.5543000e+05   3.1000000e+01
   2.8463000e+05   1.5624000e+05   3.1000000e+01
   2.8463000e+05   1.5715000e+05   3.1000000e+01
   2.8392000e+05   1.5684000e+05   3.1000000e+01
   2.8336100e+05   1.5662300e+05   3.1000000e+01
   2.8392000e+05   1.5257000e+05   3.1000000e+01
   2.8331000e+05   1.5309000e+05   3.1000000e+01
   2.8392000e+05   1.5341000e+05   3.1000000e+01
   2.8392000e+05   1.5425000e+05   3.1000000e+01
   2.8392000e+05   1.5503000e+05   3.1000000e+01
   2.8392000e+05   1.5604000e+05   3.1000000e+01
   2.8334000e+05   1.5602000e+05   3.1000000e+01
   2.8288000e+05   1.5354000e+05   3.1000000e+01
   2.8285000e+05   1.5309000e+05   3.1000000e+01
   2.8339500e+05   1.5384100e+05   3.1000000e+01
   2.8341900e+05   1.5462200e+05   3.1000000e+01
   2.8338800e+05   1.5539100e+05   3.1000000e+01
   2.8285144e+05   1.5559097e+05   3.1000000e+01
   2.8288000e+05   1.5602000e+05   3.1000000e+01
   2.8238000e+05   1.5305000e+05   3.1000000e+01
   2.8226000e+05   1.5354000e+05   3.1000000e+01
   2.8281000e+05   1.5405000e+05   3.1000000e+01
   2.8276400e+05   1.5242000e+05   3.1000000e+01
   2.8280400e+05   1.5455100e+05   3.1000000e+01
   2.8288000e+05   1.5505800e+05   3.1000000e+01
   2.8239900e+05   1.5505800e+05   3.1000000e+01
   2.8217000e+05   1.5559100e+05   3.1000000e+01
   2.8236056e+05   1.5600836e+05   3.1000000e+01
   2.8279500e+05   1.5663000e+05   3.1000000e+01
   2.8212300e+05   1.5239300e+05   3.1000000e+01
   2.8191500e+05   1.5305000e+05   3.1000000e+01
   2.8171800e+05   1.5354900e+05   3.1000000e+01
   2.8216000e+05   1.5405000e+05   3.1000000e+01
   2.8268100e+05   1.5159300e+05   3.1000000e+01
   2.8209000e+05   1.5453000e+05   3.1000000e+01
   2.8186600e+05   1.5505800e+05   3.1000000e+01
   2.8158700e+05   1.5559100e+05   3.1000000e+01
   2.8186229e+05   1.5601100e+05   3.1000000e+01
   2.8224000e+05   1.5664000e+05   3.1000000e+01
   2.8270100e+05   1.5732100e+05   3.1000000e+01
   2.8195600e+05   1.5159300e+05   3.1000000e+01
   2.8147300e+05   1.5240900e+05   3.1000000e+01
   2.8140600e+05   1.5307200e+05   3.1000000e+01
   2.8105430e+05   1.5354126e+05   3.1000000e+01
   2.8155200e+05   1.5404700e+05   3.1000000e+01
   2.8248500e+05   1.5079200e+05   3.1000000e+01
   2.8143000e+05   1.5453000e+05   3.1000000e+01
   2.8120700e+05   1.5505800e+05   3.1000000e+01
   2.8108000e+05   1.5559100e+05   3.1000000e+01
   2.8136400e+05   1.5601100e+05   3.1000000e+01
   2.8174000e+05   1.5664000e+05   3.1000000e+01
   2.8211000e+05   1.5731000e+05   3.1000000e+01
   2.8258000e+05   1.5812000e+05   3.1000000e+01
   2.8170000e+05   1.5077700e+05   3.1000000e+01
   2.8112200e+05   1.5162300e+05   3.1000000e+01
   2.8066100e+05   1.5240100e+05   3.1000000e+01
   2.8087500e+05   1.5307200e+05   3.1000000e+01
   2.8052007e+05   1.5354234e+05   3.1000000e+01
   2.8094100e+05   1.5404700e+05   3.1000000e+01
   2.8087000e+05   1.5453000e+05   3.1000000e+01
   2.8227104e+05   1.4993636e+05   3.1000000e+01
   2.8072500e+05   1.5505800e+05   3.1000000e+01
   2.8057300e+05   1.5559100e+05   3.1000000e+01
   2.8086571e+05   1.5601100e+05   3.1000000e+01
   2.8116000e+05   1.5661000e+05   3.1000000e+01
   2.8140000e+05   1.5731000e+05   3.1000000e+01
   2.8174000e+05   1.5812000e+05   3.1000000e+01
   2.8231898e+05   1.5903648e+05   3.1000000e+01
   2.8124209e+05   1.4993000e+05   3.1000000e+01
   2.8067200e+05   1.5076200e+05   3.1000000e+01
   2.8029100e+05   1.5162300e+05   3.1000000e+01
   2.7975000e+05   1.5240000e+05   3.1000000e+01
   2.8027353e+05   1.5308800e+05   3.1000000e+01
   2.7999605e+05   1.5354228e+05   3.1000000e+01
   2.8029000e+05   1.5405000e+05   3.1000000e+01
   2.8038600e+05   1.5454900e+05   3.1000000e+01
   2.8012000e+05   1.5507000e+05   3.1000000e+01
   2.8009100e+05   1.5559100e+05   3.1000000e+01
   2.8036743e+05   1.5601100e+05   3.1000000e+01
   2.8057400e+05   1.5662300e+05   3.1000000e+01
   2.8059000e+05   1.5735000e+05   3.1000000e+01
   2.8093000e+05   1.5812000e+05   3.1000000e+01
   2.8128797e+05   1.5903004e+05   3.1000000e+01
   2.8021312e+05   1.4993000e+05   3.1000000e+01
   2.7981200e+05   1.5074700e+05   3.1000000e+01
   2.7949400e+05   1.5162300e+05   3.1000000e+01
   2.7879700e+05   1.5244800e+05   3.1000000e+01
   2.7928044e+05   1.5308800e+05   3.1000000e+01
   2.7977698e+05   1.5308800e+05   3.1000000e+01
   2.7946998e+05   1.5353540e+05   3.1000000e+01
   2.7972000e+05   1.5405000e+05   3.1000000e+01
   2.7990860e+05   1.5454931e+05   3.1000000e+01
   2.7953300e+05   1.5505800e+05   3.1000000e+01
   2.7963400e+05   1.5559100e+05   3.1000000e+01
   2.7986914e+05   1.5601100e+05   3.1000000e+01
   2.7997000e+05   1.5662300e+05   3.1000000e+01
   2.7972000e+05   1.5735000e+05   3.1000000e+01
   2.8002000e+05   1.5812000e+05   3.1000000e+01
   2.8025693e+05   1.5903000e+05   3.1000000e+01
   2.7918416e+05   1.4993000e+05   3.1000000e+01
   2.7889000e+05   1.5074700e+05   3.1000000e+01
   2.7867900e+05   1.5160800e+05   3.1000000e+01
   2.7788900e+05   1.5249700e+05   3.1000000e+01
   2.7828734e+05   1.5308800e+05   3.1000000e+01
   2.7878389e+05   1.5308800e+05   3.1000000e+01
   2.7894917e+05   1.5353454e+05   3.1000000e+01
   2.7921000e+05   1.5405000e+05   3.1000000e+01
   2.7939000e+05   1.5453000e+05   3.1000000e+01
   2.7900422e+05   1.5508246e+05   3.1000000e+01
   2.7915200e+05   1.5559100e+05   3.1000000e+01
   2.7937086e+05   1.5601100e+05   3.1000000e+01
   2.7925000e+05   1.5661000e+05   3.1000000e+01
   2.7881000e+05   1.5735000e+05   3.1000000e+01
   2.7925000e+05   1.5812000e+05   3.1000000e+01
   2.7922590e+05   1.5903000e+05   3.1000000e+01
   2.7815519e+05   1.4993000e+05   3.1000000e+01
   2.7807500e+05   1.5076200e+05   3.1000000e+01
   2.7795400e+05   1.5163800e+05   3.1000000e+01
   2.7726000e+05   1.5244000e+05   3.1000000e+01
   2.7729425e+05   1.5308800e+05   3.1000000e+01
   2.7779079e+05   1.5308800e+05   3.1000000e+01
   2.7791507e+05   1.5353320e+05   3.1000000e+01
   2.7843109e+05   1.5353377e+05   3.1000000e+01
   2.7870000e+05   1.5405000e+05   3.1000000e+01
   2.7882770e+05   1.5454756e+05   3.1000000e+01
   2.7846227e+05   1.5508441e+05   3.1000000e+01
   2.7862000e+05   1.5559100e+05   3.1000000e+01
   2.7887257e+05   1.5601100e+05   3.1000000e+01
   2.7836900e+05   1.5662300e+05   3.1000000e+01
   2.7790000e+05   1.5731000e+05   3.1000000e+01
   2.7841000e+05   1.5812000e+05   3.1000000e+01
   2.7819486e+05   1.5903000e+05   3.1000000e+01
   2.7731900e+05   1.5071700e+05   3.1000000e+01
   2.7712622e+05   1.4993000e+05   3.1000000e+01
   2.7725900e+05   1.5162300e+05   3.1000000e+01
   2.7666000e+05   1.5244000e+05   3.1000000e+01
   2.7679770e+05   1.5308800e+05   3.1000000e+01
   2.7688791e+05   1.5353226e+05   3.1000000e+01
   2.7740082e+05   1.5353269e+05   3.1000000e+01
   2.7761000e+05   1.5405000e+05   3.1000000e+01
   2.7815000e+05   1.5405000e+05   3.1000000e+01
   2.7828854e+05   1.5454838e+05   3.1000000e+01
   2.7792991e+05   1.5508540e+05   3.1000000e+01
   2.7811300e+05   1.5559100e+05   3.1000000e+01
   2.7837429e+05   1.5601100e+05   3.1000000e+01
   2.7787600e+05   1.5601100e+05   3.1000000e+01
   2.7740200e+05   1.5659200e+05   3.1000000e+01
   2.7686000e+05   1.5731000e+05   3.1000000e+01
   2.7746000e+05   1.5812000e+05   3.1000000e+01
   2.7716382e+05   1.5903000e+05   3.1000000e+01
   2.7635300e+05   1.5073200e+05   3.1000000e+01
   2.7656000e+05   1.5163000e+05   3.1000000e+01
   2.7609725e+05   1.4993000e+05   3.1000000e+01
   2.7609000e+05   1.5244000e+05   3.1000000e+01
   2.7630115e+05   1.5308800e+05   3.1000000e+01
   2.7637536e+05   1.5353182e+05   3.1000000e+01
   2.7659000e+05   1.5405000e+05   3.1000000e+01
   2.7707000e+05   1.5405000e+05   3.1000000e+01
   2.7722209e+05   1.5454857e+05   3.1000000e+01
   2.7775369e+05   1.5454852e+05   3.1000000e+01
   2.7740160e+05   1.5508614e+05   3.1000000e+01
   2.7760500e+05   1.5559100e+05   3.1000000e+01
   2.7737771e+05   1.5601100e+05   3.1000000e+01
   2.7687943e+05   1.5601100e+05   3.1000000e+01
   2.7640600e+05   1.5659200e+05   3.1000000e+01
   2.7596300e+05   1.5732200e+05   3.1000000e+01
   2.7652000e+05   1.5812000e+05   3.1000000e+01
   2.7613279e+05   1.5903000e+05   3.1000000e+01
   2.7551612e+05   1.5073905e+05   3.1000000e+01
   2.7583900e+05   1.5159300e+05   3.1000000e+01
   2.7506828e+05   1.4993000e+05   3.1000000e+01
   2.7541000e+05   1.5244000e+05   3.1000000e+01
   2.7580461e+05   1.5308800e+05   3.1000000e+01
   2.7585763e+05   1.5353245e+05   3.1000000e+01
   2.7601000e+05   1.5405000e+05   3.1000000e+01
   2.7616601e+05   1.5454858e+05   3.1000000e+01
   2.7669317e+05   1.5454853e+05   3.1000000e+01
   2.7687610e+05   1.5508677e+05   3.1000000e+01
   2.7707300e+05   1.5559100e+05   3.1000000e+01
   2.7654000e+05   1.5559100e+05   3.1000000e+01
   2.7638114e+05   1.5601100e+05   3.1000000e+01
   2.7588286e+05   1.5601100e+05   3.1000000e+01
   2.7546900e+05   1.5659200e+05   3.1000000e+01
   2.7515100e+05   1.5731600e+05   3.1000000e+01
   2.7558000e+05   1.5812000e+05   3.1000000e+01
   2.7510175e+05   1.5903000e+05   3.1000000e+01
   2.7466400e+05   1.5073400e+05   3.1000000e+01
   2.7504000e+05   1.5160000e+05   3.1000000e+01
   2.7403931e+05   1.4993000e+05   3.1000000e+01
   2.7481000e+05   1.5247000e+05   3.1000000e+01
   2.7530806e+05   1.5308800e+05   3.1000000e+01
   2.7530627e+05   1.5350047e+05   3.1000000e+01
   2.7551700e+05   1.5404600e+05   3.1000000e+01
   2.7563715e+05   1.5454657e+05   3.1000000e+01
   2.7583229e+05   1.5508721e+05   3.1000000e+01
   2.7635290e+05   1.5508726e+05   3.1000000e+01
   2.7605800e+05   1.5559100e+05   3.1000000e+01
   2.7560200e+05   1.5559100e+05   3.1000000e+01
   2.7538457e+05   1.5601100e+05   3.1000000e+01
   2.7488629e+05   1.5601100e+05   3.1000000e+01
   2.7479900e+05   1.5655800e+05   3.1000000e+01
   2.7431200e+05   1.5731600e+05   3.1000000e+01
   2.7471000e+05   1.5812000e+05   3.1000000e+01
   2.7407071e+05   1.5903000e+05   3.1000000e+01
   2.7379700e+05   1.5076100e+05   3.1000000e+01
   2.7432900e+05   1.5159300e+05   3.1000000e+01
   2.7301035e+05   1.4993000e+05   3.1000000e+01
   2.7390800e+05   1.5247500e+05   3.1000000e+01
   2.7431497e+05   1.5308800e+05   3.1000000e+01
   2.7481151e+05   1.5308800e+05   3.1000000e+01
   2.7475687e+05   1.5351823e+05   3.1000000e+01
   2.7499000e+05   1.5405000e+05   3.1000000e+01
   2.7520000e+05   1.5456000e+05   3.1000000e+01
   2.7531420e+05   1.5508292e+05   3.1000000e+01
   2.7506900e+05   1.5559100e+05   3.1000000e+01
   2.7453700e+05   1.5559100e+05   3.1000000e+01
   2.7438800e+05   1.5601100e+05   3.1000000e+01
   2.7425700e+05   1.5655800e+05   3.1000000e+01
   2.7362600e+05   1.5656200e+05   3.1000000e+01
   2.7339100e+05   1.5728900e+05   3.1000000e+01
   2.7390000e+05   1.5812000e+05   3.1000000e+01
   2.7303968e+05   1.5903000e+05   3.1000000e+01
   2.7287600e+05   1.5076100e+05   3.1000000e+01
   2.7346000e+05   1.5160000e+05   3.1000000e+01
   2.7198138e+05   1.4993000e+05   3.1000000e+01
   2.7313400e+05   1.5236400e+05   3.1000000e+01
   2.7332187e+05   1.5308800e+05   3.1000000e+01
   2.7381842e+05   1.5308800e+05   3.1000000e+01
   2.7423070e+05   1.5351489e+05   3.1000000e+01
   2.7451500e+05   1.5404600e+05   3.1000000e+01
   2.7472000e+05   1.5456000e+05   3.1000000e+01
   2.7479000e+05   1.5508300e+05   3.1000000e+01
   2.7428300e+05   1.5508300e+05   3.1000000e+01
   2.7400616e+05   1.5557803e+05   3.1000000e+01
   2.7388971e+05   1.5601100e+05   3.1000000e+01
   2.7339143e+05   1.5601100e+05   3.1000000e+01
   2.7287100e+05   1.5656200e+05   3.1000000e+01
   2.7260500e+05   1.5734300e+05   3.1000000e+01
   2.7296000e+05   1.5812000e+05   3.1000000e+01
   2.7212000e+05   1.5812000e+05   3.1000000e+01
   2.7200864e+05   1.5903000e+05   3.1000000e+01
   2.7189500e+05   1.5077200e+05   3.1000000e+01
   2.7269100e+05   1.5159000e+05   3.1000000e+01
   2.7116900e+05   1.5076100e+05   3.1000000e+01
   2.7095241e+05   1.4993000e+05   3.1000000e+01
   2.7233700e+05   1.5238600e+05   3.1000000e+01
   2.7286800e+05   1.5307200e+05   3.1000000e+01
   2.7322274e+05   1.5352077e+05   3.1000000e+01
   2.7372985e+05   1.5352156e+05   3.1000000e+01
   2.7402400e+05   1.5404600e+05   3.1000000e+01
   2.7425000e+05   1.5456000e+05   3.1000000e+01
   2.7377600e+05   1.5508300e+05   3.1000000e+01
   2.7352200e+05   1.5559100e+05   3.1000000e+01
   2.7301500e+05   1.5559100e+05   3.1000000e+01
   2.7289314e+05   1.5601100e+05   3.1000000e+01
   2.7239486e+05   1.5601100e+05   3.1000000e+01
   2.7211600e+05   1.5659200e+05   3.1000000e+01
   2.7163000e+05   1.5734300e+05   3.1000000e+01
   2.7128000e+05   1.5812000e+05   3.1000000e+01
   2.7097760e+05   1.5903000e+05   3.1000000e+01
   2.7109900e+05   1.5161200e+05   3.1000000e+01
   2.7187300e+05   1.5159000e+05   3.1000000e+01
   2.7027500e+05   1.5076100e+05   3.1000000e+01
   2.6992344e+05   1.4993000e+05   3.1000000e+01
   2.7154100e+05   1.5240900e+05   3.1000000e+01
   2.7187300e+05   1.5309400e+05   3.1000000e+01
   2.7235900e+05   1.5309400e+05   3.1000000e+01
   2.7271797e+05   1.5352063e+05   3.1000000e+01
   2.7300200e+05   1.5404600e+05   3.1000000e+01
   2.7353400e+05   1.5404600e+05   3.1000000e+01
   2.7370000e+05   1.5456000e+05   3.1000000e+01
   2.7326900e+05   1.5508300e+05   3.1000000e+01
   2.7276200e+05   1.5508300e+05   3.1000000e+01
   2.7250800e+05   1.5559100e+05   3.1000000e+01
   2.7197926e+05   1.5557806e+05   3.1000000e+01
   2.7189657e+05   1.5601100e+05   3.1000000e+01
   2.7148100e+05   1.5662300e+05   3.1000000e+01
   2.7079000e+05   1.5663900e+05   3.1000000e+01
   2.7062800e+05   1.5739700e+05   3.1000000e+01
   2.7037000e+05   1.5812000e+05   3.1000000e+01
   2.6994657e+05   1.5903000e+05   3.1000000e+01
   2.7010300e+05   1.5159000e+05   3.1000000e+01
   2.7078900e+05   1.5238600e+05   3.1000000e+01
   2.6946300e+05   1.5076100e+05   3.1000000e+01
   2.6889447e+05   1.4993000e+05   3.1000000e+01
   2.7136400e+05   1.5309400e+05   3.1000000e+01
   2.7170923e+05   1.5352023e+05   3.1000000e+01
   2.7221332e+05   1.5352042e+05   3.1000000e+01
   2.7241000e+05   1.5404600e+05   3.1000000e+01
   2.7265000e+05   1.5456000e+05   3.1000000e+01
   2.7319000e+05   1.5456000e+05   3.1000000e+01
   2.7220400e+05   1.5508300e+05   3.1000000e+01
   2.7174700e+05   1.5508300e+05   3.1000000e+01
   2.7146806e+05   1.5557801e+05   3.1000000e+01
   2.7139829e+05   1.5601100e+05   3.1000000e+01
   2.7090000e+05   1.5601100e+05   3.1000000e+01
   2.7040171e+05   1.5601100e+05   3.1000000e+01
   2.6986900e+05   1.5666600e+05   3.1000000e+01
   2.6973400e+05   1.5734300e+05   3.1000000e+01
   2.6943285e+05   1.5813403e+05   3.1000000e+01
   2.6891553e+05   1.5903005e+05   3.1000000e+01
   2.6910800e+05   1.5159000e+05   3.1000000e+01
   2.6988200e+05   1.5240900e+05   3.1000000e+01
   2.7032400e+05   1.5309400e+05   3.1000000e+01
   2.7083300e+05   1.5309400e+05   3.1000000e+01
   2.6854200e+05   1.5076100e+05   3.1000000e+01
   2.6786551e+05   1.4993000e+05   3.1000000e+01
   2.7120559e+05   1.5352006e+05   3.1000000e+01
   2.7146000e+05   1.5405000e+05   3.1000000e+01
   2.7194000e+05   1.5405000e+05   3.1000000e+01
   2.7214000e+05   1.5456000e+05   3.1000000e+01
   2.7160000e+05   1.5456000e+05   3.1000000e+01
   2.7118900e+05   1.5508300e+05   3.1000000e+01
   2.7095000e+05   1.5558000e+05   3.1000000e+01
   2.7035200e+05   1.5559100e+05   3.1000000e+01
   2.6990343e+05   1.5601100e+05   3.1000000e+01
   2.6940514e+05   1.5601100e+05   3.1000000e+01
   2.6892100e+05   1.5669300e+05   3.1000000e+01
   2.6881300e+05   1.5734300e+05   3.1000000e+01
   2.6845000e+05   1.5812000e+05   3.1000000e+01
   2.6788449e+05   1.5903070e+05   3.1000000e+01
   2.6835600e+05   1.5163400e+05   3.1000000e+01
   2.6890900e+05   1.5243100e+05   3.1000000e+01
   2.6934950e+05   1.5308800e+05   3.1000000e+01
   2.6984605e+05   1.5308800e+05   3.1000000e+01
   2.7019950e+05   1.5351975e+05   3.1000000e+01
   2.7070236e+05   1.5351990e+05   3.1000000e+01
   2.6754000e+05   1.5076100e+05   3.1000000e+01
   2.6683654e+05   1.4993000e+05   3.1000000e+01
   2.7092000e+05   1.5405000e+05   3.1000000e+01
   2.7105000e+05   1.5456000e+05   3.1000000e+01
   2.7068200e+05   1.5508300e+05   3.1000000e+01
   2.7022500e+05   1.5508300e+05   3.1000000e+01
   2.6985332e+05   1.5557872e+05   3.1000000e+01
   2.6934849e+05   1.5557879e+05   3.1000000e+01
   2.6890686e+05   1.5601100e+05   3.1000000e+01
   2.6840857e+05   1.5601100e+05   3.1000000e+01
   2.6808100e+05   1.5663900e+05   3.1000000e+01
   2.6805400e+05   1.5734300e+05   3.1000000e+01
   2.6765000e+05   1.5812000e+05   3.1000000e+01
   2.6685346e+05   1.5903193e+05   3.1000000e+01
   2.6760400e+05   1.5165700e+05   3.1000000e+01
   2.6813400e+05   1.5243100e+05   3.1000000e+01
   2.6835641e+05   1.5308800e+05   3.1000000e+01
   2.6885295e+05   1.5308800e+05   3.1000000e+01
   2.6919479e+05   1.5351948e+05   3.1000000e+01
   2.6969699e+05   1.5351961e+05   3.1000000e+01
   2.6992100e+05   1.5404400e+05   3.1000000e+01
   2.7038600e+05   1.5404600e+05   3.1000000e+01
   2.6661900e+05   1.5076100e+05   3.1000000e+01
   2.6694000e+05   1.5165700e+05   3.1000000e+01
   2.6580757e+05   1.4993000e+05   3.1000000e+01
   2.7054000e+05   1.5456000e+05   3.1000000e+01
   2.6997000e+05   1.5456000e+05   3.1000000e+01
   2.6971800e+05   1.5508300e+05   3.1000000e+01
   2.6921100e+05   1.5508300e+05   3.1000000e+01
   2.6884496e+05   1.5557891e+05   3.1000000e+01
   2.6834191e+05   1.5557902e+05   3.1000000e+01
   2.6791029e+05   1.5601100e+05   3.1000000e+01
   2.6740400e+05   1.5666600e+05   3.1000000e+01
   2.6721500e+05   1.5734300e+05   3.1000000e+01
   2.6687000e+05   1.5812000e+05   3.1000000e+01
   2.6607000e+05   1.5812000e+05   3.1000000e+01
   2.6582242e+05   1.5903317e+05   3.1000000e+01
   2.6731600e+05   1.5243100e+05   3.1000000e+01
   2.6785986e+05   1.5308800e+05   3.1000000e+01
   2.6819125e+05   1.5351926e+05   3.1000000e+01
   2.6869289e+05   1.5351937e+05   3.1000000e+01
   2.6887400e+05   1.5404600e+05   3.1000000e+01
   2.6938900e+05   1.5404400e+05   3.1000000e+01
   2.6952000e+05   1.5456000e+05   3.1000000e+01
   2.6575200e+05   1.5076100e+05   3.1000000e+01
   2.6612200e+05   1.5165700e+05   3.1000000e+01
   2.6634300e+05   1.5240900e+05   3.1000000e+01
   2.6502000e+05   1.5076100e+05   3.1000000e+01
   2.6477860e+05   1.4993000e+05   3.1000000e+01
   2.6905000e+05   1.5456000e+05   3.1000000e+01
   2.6870400e+05   1.5508300e+05   3.1000000e+01
   2.6819700e+05   1.5508300e+05   3.1000000e+01
   2.6783917e+05   1.5557911e+05   3.1000000e+01
   2.6741200e+05   1.5601100e+05   3.1000000e+01
   2.6691371e+05   1.5601100e+05   3.1000000e+01
   2.6670000e+05   1.5666600e+05   3.1000000e+01
   2.6640200e+05   1.5734300e+05   3.1000000e+01
   2.6563000e+05   1.5735000e+05   3.1000000e+01
   2.6519000e+05   1.5812000e+05   3.1000000e+01
   2.6479139e+05   1.5903440e+05   3.1000000e+01
   2.6686677e+05   1.5308800e+05   3.1000000e+01
   2.6736331e+05   1.5308800e+05   3.1000000e+01
   2.6768987e+05   1.5351917e+05   3.1000000e+01
   2.6787200e+05   1.5404600e+05   3.1000000e+01
   2.6836300e+05   1.5404600e+05   3.1000000e+01
   2.6857000e+05   1.5456000e+05   3.1000000e+01
   2.6519000e+05   1.5166000e+05   3.1000000e+01
   2.6537000e+05   1.5238600e+05   3.1000000e+01
   2.6587367e+05   1.5308800e+05   3.1000000e+01
   2.6637022e+05   1.5308800e+05   3.1000000e+01
   2.6418100e+05   1.5076100e+05   3.1000000e+01
   2.6448500e+05   1.5161200e+05   3.1000000e+01
   2.6374963e+05   1.4993000e+05   3.1000000e+01
   2.6806000e+05   1.5456000e+05   3.1000000e+01
   2.6763900e+05   1.5508300e+05   3.1000000e+01
   2.6733668e+05   1.5557920e+05   3.1000000e+01
   2.6683442e+05   1.5557927e+05   3.1000000e+01
   2.6641543e+05   1.5601100e+05   3.1000000e+01
   2.6591400e+05   1.5666600e+05   3.1000000e+01
   2.6522000e+05   1.5664000e+05   3.1000000e+01
   2.6482000e+05   1.5735000e+05   3.1000000e+01
   2.6422000e+05   1.5812000e+05   3.1000000e+01
   2.6376035e+05   1.5903564e+05   3.1000000e+01
   2.6668778e+05   1.5351899e+05   3.1000000e+01
   2.6718872e+05   1.5351907e+05   3.1000000e+01
   2.6734100e+05   1.5404600e+05   3.1000000e+01
   2.6755000e+05   1.5456000e+05   3.1000000e+01
   2.6472000e+05   1.5244000e+05   3.1000000e+01
   2.6488058e+05   1.5308800e+05   3.1000000e+01
   2.6537712e+05   1.5308800e+05   3.1000000e+01
   2.6568650e+05   1.5351884e+05   3.1000000e+01
   2.6618704e+05   1.5351891e+05   3.1000000e+01
   2.6304700e+05   1.5075000e+05   3.1000000e+01
   2.6373300e+05   1.5163400e+05   3.1000000e+01
   2.6415300e+05   1.5243100e+05   3.1000000e+01
   2.6272066e+05   1.4993000e+05   3.1000000e+01
   2.6713100e+05   1.5508300e+05   3.1000000e+01
   2.6662400e+05   1.5508300e+05   3.1000000e+01
   2.6633236e+05   1.5557935e+05   3.1000000e+01
   2.6591714e+05   1.5601100e+05   3.1000000e+01
   2.6541886e+05   1.5601100e+05   3.1000000e+01
   2.6492057e+05   1.5601100e+05   3.1000000e+01
   2.6445000e+05   1.5664000e+05   3.1000000e+01
   2.6391000e+05   1.5731000e+05   3.1000000e+01
   2.6324000e+05   1.5812000e+05   3.1000000e+01
   2.6272932e+05   1.5903688e+05   3.1000000e+01
   2.6642100e+05   1.5404600e+05   3.1000000e+01
   2.6689100e+05   1.5404600e+05   3.1000000e+01
   2.6704000e+05   1.5456000e+05   3.1000000e+01
   2.6438403e+05   1.5308800e+05   3.1000000e+01
   2.6468591e+05   1.5351870e+05   3.1000000e+01
   2.6518612e+05   1.5351877e+05   3.1000000e+01
   2.6533800e+05   1.5404600e+05   3.1000000e+01
   2.6591000e+05   1.5404600e+05   3.1000000e+01
   2.6220000e+05   1.5072000e+05   3.1000000e+01
   2.6233000e+05   1.5166000e+05   3.1000000e+01
   2.6304700e+05   1.5167900e+05   3.1000000e+01
   2.6360000e+05   1.5243100e+05   3.1000000e+01
   2.6388748e+05   1.5308800e+05   3.1000000e+01
   2.6169170e+05   1.4993000e+05   3.1000000e+01
   2.6650000e+05   1.5456000e+05   3.1000000e+01
   2.6609200e+05   1.5508300e+05   3.1000000e+01
   2.6583049e+05   1.5557942e+05   3.1000000e+01
   2.6532880e+05   1.5557948e+05   3.1000000e+01
   2.6482728e+05   1.5557954e+05   3.1000000e+01
   2.6442229e+05   1.5601100e+05   3.1000000e+01
   2.6392400e+05   1.5601100e+05   3.1000000e+01
   2.6364000e+05   1.5661000e+05   3.1000000e+01
   2.6287000e+05   1.5731000e+05   3.1000000e+01
   2.6238000e+05   1.5814900e+05   3.1000000e+01
   2.6169828e+05   1.5903811e+05   3.1000000e+01
   2.6592000e+05   1.5456000e+05   3.1000000e+01
   2.6418586e+05   1.5351864e+05   3.1000000e+01
   2.6433600e+05   1.5404600e+05   3.1000000e+01
   2.6484700e+05   1.5404600e+05   3.1000000e+01
   2.6501000e+05   1.5456000e+05   3.1000000e+01
   2.6545000e+05   1.5456000e+05   3.1000000e+01
   2.6124477e+05   1.5073911e+05   3.1000000e+01
   2.6166000e+05   1.5166000e+05   3.1000000e+01
   2.6191900e+05   1.5240900e+05   3.1000000e+01
   2.6249400e+05   1.5243100e+05   3.1000000e+01
   2.6304700e+05   1.5243100e+05   3.1000000e+01
   2.6339094e+05   1.5308800e+05   3.1000000e+01
   2.6368595e+05   1.5351858e+05   3.1000000e+01
   2.6066273e+05   1.4993000e+05   3.1000000e+01
   2.6561000e+05   1.5508300e+05   3.1000000e+01
   2.6517900e+05   1.5508300e+05   3.1000000e+01
   2.6464600e+05   1.5508300e+05   3.1000000e+01
   2.6432592e+05   1.5557960e+05   3.1000000e+01
   2.6382470e+05   1.5557965e+05   3.1000000e+01
   2.6342571e+05   1.5601100e+05   3.1000000e+01
   2.6284200e+05   1.5662300e+05   3.1000000e+01
   2.6210000e+05   1.5731000e+05   3.1000000e+01
   2.6152700e+05   1.5814900e+05   3.1000000e+01
   2.6066724e+05   1.5903935e+05   3.1000000e+01
   2.6384600e+05   1.5404600e+05   3.1000000e+01
   2.6385000e+05   1.5456000e+05   3.1000000e+01
   2.6439000e+05   1.5456000e+05   3.1000000e+01
   2.6033639e+05   1.5074615e+05   3.1000000e+01
   2.6082000e+05   1.5163000e+05   3.1000000e+01
   2.6136600e+05   1.5240900e+05   3.1000000e+01
   2.6140475e+05   1.5308800e+05   3.1000000e+01
   2.6190130e+05   1.5308800e+05   3.1000000e+01
   2.6239784e+05   1.5308800e+05   3.1000000e+01
   2.6289439e+05   1.5308800e+05   3.1000000e+01
   2.6318617e+05   1.5351853e+05   3.1000000e+01
   2.6327700e+05   1.5404400e+05   3.1000000e+01
   2.5963376e+05   1.4993000e+05   3.1000000e+01
   2.6408800e+05   1.5508300e+05   3.1000000e+01
   2.6363200e+05   1.5508300e+05   3.1000000e+01
   2.6332362e+05   1.5557970e+05   3.1000000e+01
   2.6292743e+05   1.5601100e+05   3.1000000e+01
   2.6242914e+05   1.5601100e+05   3.1000000e+01
   2.6187500e+05   1.5659200e+05   3.1000000e+01
   2.6116000e+05   1.5735000e+05   3.1000000e+01
   2.6065000e+05   1.5815000e+05   3.1000000e+01
   2.5984000e+05   1.5819000e+05   3.1000000e+01
   2.5963621e+05   1.5904059e+05   3.1000000e+01
   2.6333500e+05   1.5455700e+05   3.1000000e+01
   2.5943805e+05   1.5073027e+05   3.1000000e+01
   2.6008000e+05   1.5166000e+05   3.1000000e+01
   2.6021600e+05   1.5240900e+05   3.1000000e+01
   2.6079100e+05   1.5243100e+05   3.1000000e+01
   2.6090820e+05   1.5308800e+05   3.1000000e+01
   2.6118829e+05   1.5351834e+05   3.1000000e+01
   2.6168759e+05   1.5351838e+05   3.1000000e+01
   2.6218700e+05   1.5351843e+05   3.1000000e+01
   2.6268653e+05   1.5351848e+05   3.1000000e+01
   2.6279500e+05   1.5404400e+05   3.1000000e+01
   2.6290000e+05   1.5456000e+05   3.1000000e+01
   2.5860479e+05   1.4993000e+05   3.1000000e+01
   2.6309900e+05   1.5508300e+05   3.1000000e+01
   2.6282267e+05   1.5557975e+05   3.1000000e+01
   2.6232185e+05   1.5557980e+05   3.1000000e+01
   2.6193086e+05   1.5601100e+05   3.1000000e+01
   2.6143257e+05   1.5601100e+05   3.1000000e+01
   2.6095000e+05   1.5661000e+05   3.1000000e+01
   2.6032000e+05   1.5738000e+05   3.1000000e+01
   2.5941000e+05   1.5741000e+05   3.1000000e+01
   2.5894000e+05   1.5819000e+05   3.1000000e+01
   2.5860517e+05   1.5904183e+05   3.1000000e+01
   2.5860000e+05   1.5076000e+05   3.1000000e+01
   2.5931000e+05   1.5163000e+05   3.1000000e+01
   2.5968000e+05   1.5244000e+05   3.1000000e+01
   2.5991511e+05   1.5308800e+05   3.1000000e+01
   2.6041166e+05   1.5308800e+05   3.1000000e+01
   2.6068910e+05   1.5351830e+05   3.1000000e+01
   2.6080000e+05   1.5404600e+05   3.1000000e+01
   2.6133200e+05   1.5404600e+05   3.1000000e+01
   2.6182200e+05   1.5404600e+05   3.1000000e+01
   2.6235400e+05   1.5404600e+05   3.1000000e+01
   2.6246000e+05   1.5456000e+05   3.1000000e+01
   2.6256700e+05   1.5508300e+05   3.1000000e+01
   2.5777215e+05   1.5073444e+05   3.1000000e+01
   2.5757582e+05   1.4993000e+05   3.1000000e+01
   2.6205900e+05   1.5508300e+05   3.1000000e+01
   2.6182114e+05   1.5557984e+05   3.1000000e+01
   2.6132055e+05   1.5557988e+05   3.1000000e+01
   2.6093429e+05   1.5601100e+05   3.1000000e+01
   2.6043600e+05   1.5601100e+05   3.1000000e+01
   2.6028000e+05   1.5661000e+05   3.1000000e+01
   2.5941000e+05   1.5661000e+05   3.1000000e+01
   2.5830000e+05   1.5741000e+05   3.1000000e+01
   2.5796339e+05   1.5820140e+05   3.1000000e+01
   2.5757414e+05   1.5904306e+05   3.1000000e+01
   2.5786000e+05   1.5170000e+05   3.1000000e+01
   2.5860000e+05   1.5166000e+05   3.1000000e+01
   2.5914000e+05   1.5244000e+05   3.1000000e+01
   2.5941856e+05   1.5308800e+05   3.1000000e+01
   2.5969101e+05   1.5351822e+05   3.1000000e+01
   2.6019000e+05   1.5351826e+05   3.1000000e+01
   2.6037100e+05   1.5404600e+05   3.1000000e+01
   2.6033000e+05   1.5455700e+05   3.1000000e+01
   2.6086100e+05   1.5455700e+05   3.1000000e+01
   2.6139300e+05   1.5455700e+05   3.1000000e+01
   2.6195000e+05   1.5456000e+05   3.1000000e+01
   2.5692000e+05   1.5079000e+05   3.1000000e+01
   2.5715000e+05   1.5170000e+05   3.1000000e+01
   2.5654685e+05   1.4993000e+05   3.1000000e+01
   2.6155200e+05   1.5508300e+05   3.1000000e+01
   2.6109600e+05   1.5508300e+05   3.1000000e+01
   2.6082006e+05   1.5557992e+05   3.1000000e+01
   2.6031967e+05   1.5557996e+05   3.1000000e+01
   2.5993771e+05   1.5601100e+05   3.1000000e+01
   2.5943943e+05   1.5601100e+05   3.1000000e+01
   2.5894114e+05   1.5601100e+05   3.1000000e+01
   2.5847000e+05   1.5661000e+05   3.1000000e+01
   2.5769000e+05   1.5664000e+05   3.1000000e+01
   2.5742000e+05   1.5741000e+05   3.1000000e+01
   2.5708057e+05   1.5820134e+05   3.1000000e+01
   2.5654310e+05   1.5904430e+05   3.1000000e+01
   2.5736800e+05   1.5237000e+05   3.1000000e+01
   2.5792600e+05   1.5242100e+05   3.1000000e+01
   2.5853400e+05   1.5242100e+05   3.1000000e+01
   2.5892202e+05   1.5308800e+05   3.1000000e+01
   2.5919211e+05   1.5351818e+05   3.1000000e+01
   2.5941000e+05   1.5404600e+05   3.1000000e+01
   2.5988000e+05   1.5404600e+05   3.1000000e+01
   2.5988000e+05   1.5455700e+05   3.1000000e+01
   2.6013200e+05   1.5508300e+05   3.1000000e+01
   2.6061400e+05   1.5508300e+05   3.1000000e+01
   2.5601000e+05   1.5079000e+05   3.1000000e+01
   2.5631000e+05   1.5170000e+05   3.1000000e+01
   2.5682000e+05   1.5240000e+05   3.1000000e+01
   2.5551789e+05   1.4993000e+05   3.1000000e+01
   2.5981938e+05   1.5557999e+05   3.1000000e+01
   2.5931918e+05   1.5558003e+05   3.1000000e+01
   2.5881908e+05   1.5558006e+05   3.1000000e+01
   2.5844286e+05   1.5601100e+05   3.1000000e+01
   2.5794457e+05   1.5601100e+05   3.1000000e+01
   2.5744629e+05   1.5601100e+05   3.1000000e+01
   2.5709000e+05   1.5661000e+05   3.1000000e+01
   2.5648000e+05   1.5741000e+05   3.1000000e+01
   2.5615000e+05   1.5819000e+05   3.1000000e+01
   2.5551207e+05   1.5904554e+05   3.1000000e+01
   2.5693583e+05   1.5308800e+05   3.1000000e+01
   2.5743238e+05   1.5308800e+05   3.1000000e+01
   2.5792892e+05   1.5308800e+05   3.1000000e+01
   2.5842547e+05   1.5308800e+05   3.1000000e+01
   2.5869330e+05   1.5351814e+05   3.1000000e+01
   2.5887900e+05   1.5404600e+05   3.1000000e+01
   2.5892000e+05   1.5455700e+05   3.1000000e+01
   2.5934900e+05   1.5455700e+05   3.1000000e+01
   2.5959900e+05   1.5508300e+05   3.1000000e+01
   2.5507000e+05   1.5082000e+05   3.1000000e+01
   2.5551000e+05   1.5170000e+05   3.1000000e+01
   2.5571900e+05   1.5242100e+05   3.1000000e+01
   2.5628000e+05   1.5240000e+05   3.1000000e+01
   2.5643928e+05   1.5308800e+05   3.1000000e+01
   2.5448892e+05   1.4993000e+05   3.1000000e+01
   2.5909200e+05   1.5508300e+05   3.1000000e+01
   2.5856000e+05   1.5508300e+05   3.1000000e+01
   2.5831907e+05   1.5558010e+05   3.1000000e+01
   2.5781916e+05   1.5558014e+05   3.1000000e+01
   2.5731936e+05   1.5558018e+05   3.1000000e+01
   2.5694800e+05   1.5601100e+05   3.1000000e+01
   2.5648000e+05   1.5664000e+05   3.1000000e+01
   2.5588000e+05   1.5661000e+05   3.1000000e+01
   2.5571000e+05   1.5741000e+05   3.1000000e+01
   2.5520000e+05   1.5819000e+05   3.1000000e+01
   2.5448103e+05   1.5904677e+05   3.1000000e+01
   2.5669898e+05   1.5351806e+05   3.1000000e+01
   2.5719746e+05   1.5351802e+05   3.1000000e+01
   2.5769598e+05   1.5351806e+05   3.1000000e+01
   2.5819459e+05   1.5351810e+05   3.1000000e+01
   2.5832700e+05   1.5404600e+05   3.1000000e+01
   2.5830600e+05   1.5455700e+05   3.1000000e+01
   2.5416000e+05   1.5086000e+05   3.1000000e+01
   2.5477000e+05   1.5166000e+05   3.1000000e+01
   2.5503400e+05   1.5244600e+05   3.1000000e+01
   2.5544619e+05   1.5308800e+05   3.1000000e+01
   2.5594273e+05   1.5308800e+05   3.1000000e+01
   2.5620039e+05   1.5351815e+05   3.1000000e+01
   2.5346000e+05   1.4994000e+05   3.1000000e+01
   2.5810300e+05   1.5508300e+05   3.1000000e+01
   2.5757000e+05   1.5508300e+05   3.1000000e+01
   2.5706300e+05   1.5508300e+05   3.1000000e+01
   2.5681970e+05   1.5558025e+05   3.1000000e+01
   2.5644971e+05   1.5601100e+05   3.1000000e+01
   2.5595143e+05   1.5601100e+05   3.1000000e+01
   2.5545314e+05   1.5601100e+05   3.1000000e+01
   2.5524000e+05   1.5661000e+05   3.1000000e+01
   2.5490000e+05   1.5738000e+05   3.1000000e+01
   2.5430000e+05   1.5829000e+05   3.1000000e+01
   2.5345000e+05   1.5905000e+05   3.1000000e+01
   2.5635300e+05   1.5404400e+05   3.1000000e+01
   2.5681000e+05   1.5404400e+05   3.1000000e+01
   2.5734200e+05   1.5404400e+05   3.1000000e+01
   2.5783600e+05   1.5404600e+05   3.1000000e+01
   2.5783600e+05   1.5455700e+05   3.1000000e+01
   2.5345797e+05   1.5072700e+05   3.1000000e+01
   2.5346000e+05   1.5166000e+05   3.1000000e+01
   2.5409000e+05   1.5170000e+05   3.1000000e+01
   2.5436000e+05   1.5247000e+05   3.1000000e+01
   2.5494964e+05   1.5308800e+05   3.1000000e+01
   2.5520450e+05   1.5352502e+05   3.1000000e+01
   2.5570011e+05   1.5352173e+05   3.1000000e+01
   2.5592200e+05   1.5404400e+05   3.1000000e+01
   2.5730500e+05   1.5455700e+05   3.1000000e+01
   2.5683500e+05   1.5455700e+05   3.1000000e+01
   2.5653100e+05   1.5508300e+05   3.1000000e+01
   2.5632000e+05   1.5558020e+05   3.1000000e+01
   2.5582034e+05   1.5558070e+05   3.1000000e+01
   2.5531530e+05   1.5557426e+05   3.1000000e+01
   2.5495486e+05   1.5601100e+05   3.1000000e+01
   2.5470000e+05   1.5661000e+05   3.1000000e+01
   2.5413000e+05   1.5745000e+05   3.1000000e+01
   2.5345788e+05   1.5829027e+05   3.1000000e+01
   2.5637900e+05   1.5455100e+05   3.1000000e+01
   2.5342000e+05   1.5250000e+05   3.1000000e+01
   2.5395655e+05   1.5308800e+05   3.1000000e+01
   2.5445309e+05   1.5308800e+05   3.1000000e+01
   2.5472013e+05   1.5352026e+05   3.1000000e+01
   2.5483200e+05   1.5404400e+05   3.1000000e+01
   2.5541500e+05   1.5404400e+05   3.1000000e+01
   2.5574400e+05   1.5455100e+05   3.1000000e+01
   2.5602300e+05   1.5508300e+05   3.1000000e+01
   2.5549100e+05   1.5508300e+05   3.1000000e+01
   2.5493300e+05   1.5508300e+05   3.1000000e+01
   2.5480243e+05   1.5554791e+05   3.1000000e+01
   2.5445657e+05   1.5601100e+05   3.1000000e+01
   2.5409000e+05   1.5667000e+05   3.1000000e+01
   2.5346800e+05   1.5660100e+05   3.1000000e+01
   2.5346000e+05   1.5745000e+05   3.1000000e+01
   2.5346000e+05   1.5308800e+05   3.1000000e+01
   2.5384342e+05   1.5361848e+05   3.1000000e+01
   2.5426802e+05   1.5346816e+05   3.1000000e+01
   2.5432400e+05   1.5404400e+05   3.1000000e+01
   2.5445100e+05   1.5455100e+05   3.1000000e+01
   2.5513600e+05   1.5455100e+05   3.1000000e+01
   2.5440000e+05   1.5508300e+05   3.1000000e+01
   2.5430665e+05   1.5554286e+05   3.1000000e+01
   2.5395829e+05   1.5601100e+05   3.1000000e+01
   2.5346000e+05   1.5601100e+05   3.1000000e+01
   2.5345681e+05   1.5357516e+05   3.1000000e+01
   2.5345362e+05   1.5406233e+05   3.1000000e+01
   2.5388434e+05   1.5416359e+05   3.1000000e+01
   2.5391428e+05   1.5467197e+05   3.1000000e+01
   2.5392413e+05   1.5516137e+05   3.1000000e+01
   2.5384406e+05   1.5562232e+05   3.1000000e+01
   2.5345700e+05   1.5552384e+05   3.1000000e+01
   2.5345381e+05   1.5454950e+05   3.1000000e+01
   2.5345401e+05   1.5503667e+05   3.1000000e+01
