NS    3429   3428   3234   3029   2814   2584   2583   2349   2111   2110
NS    2109   2108   2107   2106   2105   2104   2103   2102   2101   2100
NS    2099   2098   2097   2096   2095   2094   2093   2092   2091   2090
NS    2089   2323   2322   2321   2320   2083   2082   2081   2080   2079
NS    2078   2077   2076   2075   2074   2073   2072   2071   2070   2069
NS    2300   2299   2298   2064   2295   2294   2293   2292   2059   2289
NS    2056   2055   2054   2053   2052   2051   2050   2049   2048   2047
NS    2046   2045   2044   2043   2042   2041   2040   2039   2038   2269
NS    2268   2511   2749   2968   3174   3368  -3366      0      0      0
NS    3277   3092   2881   2882   2658   2413   2164   1935   1736   1737
NS    1938   1939   1940   1941   1942   1943   1944   1945   1946   1947
NS    2178   2179   2180   2181   2182   2183   2184   2185   2186   2187
NS    2188   2189   2190   2191   2192   2193   2194   2195   2196   2197
NS    2198   2199   2200   2201   2202   2203   2204   2205   2206   2207
NS    2208   2209   2210   2211   1982   2214   2215   2216   2217   2218
NS    2219   2220   2221   2222   2223   2224   2225   2226   1996   2229
NS    2230   2231   2001   2002   2003   2004   2005   2006   2007   2240
NS    2484   2723   2944   3154   3347   3348  -3535      0      0      0
NS    2189   2437   2681   2903   3114   3307   3494   3665  -3825      0
NS    2215   2462   2703   2925   3135   3328   3515   3686  -3846      0
NS    2323   2560   2792   3009   3215   3408   3589   3753  -3910      0
NS    2294   2534   2770   2988   3195   3388   3570   3734  -3891      0