  6576  6946
  6573  6574
  6178  6179
  5757  5758
  5311  5312
  4850  5309
  4847  4848
  4377  4378
  3921  4376
  3919  4374
  3917  4372
  3915  4370
  3913  4368
  3911  4366
  3909  4364
  3907  4362
  3905  4360
  3903  4358
  3901  4357
  3900  4355
  3898  4353
  3896  4351
  3894  4348
  3892  4346
  3890  4343
  3888  4341
  3886  4338
  3885  4336
  3883  4334
  3881  4332
  4329  4330
  4327  4797
  4325  4795
  4323  4794
  4320  4321
  3868  4317
  3867  4315
  3865  4313
  3863  4311
  3861  4309
  3859  4306
  3857  4304
  3855  4301
  3853  4299
  3851  4297
  3850  4295
  3848  4293
  3846  4291
  3844  4289
  4286  4287
  4284  4754
  4282  4753
  4279  4280
  4276  4277
  4274  4745
  4272  4742
  4271  4740
  4268  4269
  4265  4266
  4262  4263
  3820  4260
  3818  4258
  3816  4256
  3814  4254
  3812  4252
  3810  4250
  3808  4248
  3806  4246
  3804  4244
  3803  4242
  3801  4240
  3799  4238
  3797  4236
  3795  4234
  3793  4232
  3791  4230
  3789  4228
  3787  4226
  4224  4225
  4223  4697
  4694  4695
  5173  5174
  5631  5632
  6056  6058
  6453  6454
  6829  6830
  6290  6291
  5888  5889
  5452  5891
  5454  5455
  4984  4985
  4492  4493
  4016  4017
  3590  3591
  3214  3592
  3594  3595
  3597  4023
  3599  4025
  3600  4027
  3602  4029
  3604  4031
  3606  4034
  3608  4036
  3610  4038
  3612  4040
  4042  4043
  4045  4521
  4047  4523
  4049  4525
  4051  4527
  4053  4528
  4055  4530
  4057  4532
  4059  4534
  4061  4536
  4063  4538
  4065  4540
  4067  4543
  4069  4545
  4071  4547
  4073  4549
  4075  4551
  4076  4552
  4078  4554
  4080  4556
  4082  4558
  4084  4560
  4086  4562
  4088  4564
  4090  4566
  4092  4568
  4094  4570
  4096  4572
  4098  4573
  4100  4575
  4102  4577
  4104  4579
  4106  4581
  4108  4583
  4110  4111
  4113  4114
  4116  4591
  4118  4594
  4120  4596
  4122  4598
  4124  4600
  4126  4602
  4128  4603
  4130  4605
  4132  4607
  4134  4609
  4135  4611
  4137  4613
  4139  4140
  4142  4143
  4145  4621
  4147  4622
  4149  4150
  3713  4152
  3715  4155
  3717  4157
  3718  4159
  3720  4161
  3722  4163
  4164  4165
  4639  4640
  5120  5121
  5581  5582
  6013  6014
  6412  6413
  6414  6790
  6793  6794
  4541  4542
  5031  5032
  5498  5499
  5932  5933
  6332  6333
  6710  6711
  7066  7067
  7393  7394
  4592  4593
  5077  5079
  5542  5543
  5975  5976
  6374  6375
  6752  6753
  7108  7109
  7435  7436
  4798  4799
  5265  5266
  5715  5716
  6139  6140
  6534  6535
  6906  6908
  7248  7249
  7566  7567
  4743  4744
  5217  5218
  5672  5673
  6097  6099
  6494  6495
  6868  6869
  7210  7211
  7528  7529
